---
images/banner-large.jpg: 2016-11-03 14:42:40.000000000 -06:00
images/banner-med.jpg: 2016-11-03 14:40:37.000000000 -06:00
images/banner-small.jpg: 2016-11-03 14:43:38.000000000 -06:00
images/banner-xl.jpg: 2016-11-03 14:39:18.000000000 -06:00
images/banner-xl2.jpg: 2016-11-03 14:41:52.000000000 -06:00
images/OldPort.jpg: 2016-11-04 15:33:49.000000000 -06:00
images/woods.jpg: 2016-11-04 17:04:56.000000000 -06:00
images/texture-318913_1920.jpg: 2016-11-04 17:10:44.000000000 -06:00
images/texture.jpg: 2016-11-04 17:10:44.000000000 -06:00
